       N       E                     dE             d eps       ncg     rms          rms(c)
DAV:   1    -0.102450165818E+02   -0.10245E+02   -0.97911E-01  2936   0.567E+00    0.617E-01
DAV:   2    -0.102340600165E+02    0.10957E-01   -0.21231E-02  2640   0.112E+00    0.345E-01
DAV:   3    -0.102287366796E+02    0.53233E-02   -0.14591E-02  2816   0.668E-01    0.288E-02
DAV:   4    -0.102287741876E+02   -0.37508E-04   -0.54626E-04  1504   0.193E-01
   1 F= -.10228774E+02 E0= -.10220966E+02  d E =-.102288E+02
