       N       E                     dE             d eps       ncg     rms          rms(c)
DAV:   1    -0.121299706764E+02   -0.12130E+02   -0.56058E+00    56   0.140E+01    0.148E+00
DAV:   2    -0.120629396807E+02    0.67031E-01   -0.94623E-02    64   0.234E+00    0.836E-01
DAV:   3    -0.120296273209E+02    0.33312E-01   -0.86866E-02    56   0.159E+00    0.677E-02
DAV:   4    -0.120297692134E+02   -0.14189E-03   -0.24132E-03    56   0.408E-01
   1 F= -.12029769E+02 E0= -.12001560E+02  d E =-.120298E+02
