       N       E                     dE             d eps       ncg     rms          rms(c)
DAV:   1    -0.103010478284E+02   -0.10301E+02   -0.47758E+00  2296   0.123E+01    0.132E+00
DAV:   2    -0.102514038288E+02    0.49644E-01   -0.94731E-02  2048   0.239E+00    0.743E-01
DAV:   3    -0.102268240404E+02    0.24580E-01   -0.67482E-02  2128   0.144E+00    0.671E-02
DAV:   4    -0.102269998490E+02   -0.17581E-03   -0.26394E-03  1824   0.420E-01
   1 F= -.10227000E+02 E0= -.10218652E+02  d E =-.102270E+02
