       N       E                     dE             d eps       ncg     rms          rms(c)
DAV:   1    -0.102543904224E+02   -0.10254E+02   -0.10773E+00   424   0.601E+00    0.718E-01
DAV:   2    -0.102384835098E+02    0.15907E-01   -0.25619E-02   344   0.120E+00    0.398E-01
DAV:   3    -0.102312428205E+02    0.72407E-02   -0.19912E-02   376   0.763E-01    0.294E-02
DAV:   4    -0.102313010041E+02   -0.58184E-04   -0.72824E-04   248   0.216E-01
   1 F= -.10231301E+02 E0= -.10221641E+02  d E =-.102313E+02
