       N       E                     dE             d eps       ncg     rms          rms(c)
DAV:   1    -0.102201184460E+02   -0.10220E+02   -0.10793E+00   408   0.600E+00    0.718E-01
DAV:   2    -0.102042091031E+02    0.15909E-01   -0.25692E-02   352   0.117E+00    0.399E-01
DAV:   3    -0.101968828394E+02    0.73263E-02   -0.20014E-02   360   0.764E-01    0.298E-02
DAV:   4    -0.101969321351E+02   -0.49296E-04   -0.66160E-04   256   0.202E-01
   1 F= -.10196932E+02 E0= -.10187392E+02  d E =-.101969E+02
