       N       E                     dE             d eps       ncg     rms          rms(c)
DAV:   1    -0.103194269087E+02   -0.10319E+02   -0.50353E+00  2288   0.126E+01    0.136E+00
DAV:   2    -0.102673432659E+02    0.52084E-01   -0.10147E-01  2048   0.251E+00    0.763E-01
DAV:   3    -0.102414316706E+02    0.25912E-01   -0.71553E-02  2168   0.148E+00    0.701E-02
DAV:   4    -0.102416207659E+02   -0.18910E-03   -0.28859E-03  1808   0.444E-01
   1 F= -.10241621E+02 E0= -.10233268E+02  d E =-.102416E+02
