       N       E                     dE             d eps       ncg     rms          rms(c)
DAV:   1    -0.102529258331E+02   -0.10253E+02   -0.39642E+00  1696   0.110E+01    0.120E+00
DAV:   2    -0.102119036431E+02    0.41022E-01   -0.75631E-02  1528   0.209E+00    0.674E-01
DAV:   3    -0.101915771030E+02    0.20327E-01   -0.54922E-02  1624   0.131E+00    0.576E-02
DAV:   4    -0.101917150266E+02   -0.13792E-03   -0.20414E-03  1304   0.361E-01
   1 F= -.10191715E+02 E0= -.10185994E+02  d E =-.101917E+02
