       N       E                     dE             d eps       ncg     rms          rms(c)
DAV:   1    -0.102689630006E+02   -0.10269E+02   -0.14713E+00  3688   0.699E+00    0.755E-01
DAV:   2    -0.102526192771E+02    0.16344E-01   -0.31896E-02  3296   0.140E+00    0.423E-01
DAV:   3    -0.102446070102E+02    0.80123E-02   -0.21863E-02  3584   0.823E-01    0.363E-02
DAV:   4    -0.102446684271E+02   -0.61417E-04   -0.87077E-04  2616   0.245E-01
   1 F= -.10244668E+02 E0= -.10237665E+02  d E =-.102447E+02
