       N       E                     dE             d eps       ncg     rms          rms(c)
DAV:   1    -0.121103871896E+02   -0.12110E+02   -0.55753E+00    56   0.139E+01    0.147E+00
DAV:   2    -0.120437595488E+02    0.66628E-01   -0.92839E-02    64   0.230E+00    0.833E-01
DAV:   3    -0.120106627857E+02    0.33097E-01   -0.86103E-02    56   0.158E+00    0.672E-02
DAV:   4    -0.120107917416E+02   -0.12896E-03   -0.22655E-03    56   0.388E-01
   1 F= -.12010792E+02 E0= -.11982582E+02  d E =-.120108E+02
