       N       E                     dE             d eps       ncg     rms          rms(c)
DAV:   1    -0.102787081282E+02   -0.10279E+02   -0.19730E+00   888   0.803E+00    0.868E-01
DAV:   2    -0.102571893423E+02    0.21519E-01   -0.41849E-02   800   0.157E+00    0.486E-01
DAV:   3    -0.102466275476E+02    0.10562E-01   -0.29126E-02   808   0.938E-01    0.417E-02
DAV:   4    -0.102467078211E+02   -0.80273E-04   -0.11276E-03   664   0.272E-01
   1 F= -.10246708E+02 E0= -.10238590E+02  d E =-.102467E+02
