       N       E                     dE             d eps       ncg     rms          rms(c)
DAV:   1    -0.102584651003E+02   -0.10258E+02   -0.92691E-01  2928   0.553E+00    0.600E-01
DAV:   2    -0.102481300651E+02    0.10335E-01   -0.20364E-02  2648   0.112E+00    0.336E-01
DAV:   3    -0.102431028897E+02    0.50272E-02   -0.13830E-02  2824   0.651E-01    0.282E-02
DAV:   4    -0.102431400125E+02   -0.37123E-04   -0.53459E-04  1440   0.193E-01
   1 F= -.10243140E+02 E0= -.10235306E+02  d E =-.102431E+02
