       N       E                     dE             d eps       ncg     rms          rms(c)
DAV:   1    -0.102636391624E+02   -0.10264E+02   -0.45289E+00  2304   0.119E+01    0.129E+00
DAV:   2    -0.102160632640E+02    0.47576E-01   -0.87073E-02  2024   0.224E+00    0.724E-01
DAV:   3    -0.101927086577E+02    0.23355E-01   -0.63710E-02  2104   0.140E+00    0.638E-02
DAV:   4    -0.101928662167E+02   -0.15756E-03   -0.23216E-03  1824   0.385E-01
   1 F= -.10192866E+02 E0= -.10184579E+02  d E =-.101929E+02
