       N       E                     dE             d eps       ncg     rms          rms(c)
DAV:   1    -0.100665305794E+02   -0.10067E+02   -0.49392E+00   144   0.130E+01    0.133E+00
DAV:   2    -0.100172547821E+02    0.49276E-01   -0.10534E-01   104   0.252E+00    0.754E-01
DAV:   3    -0.999164152344E+01    0.25613E-01   -0.72230E-02   112   0.147E+00    0.682E-02
DAV:   4    -0.999179291837E+01   -0.15139E-03   -0.27342E-03    96   0.421E-01
   1 F= -.99917929E+01 E0= -.99784070E+01  d E =-.999179E+01
