       N       E                     dE             d eps       ncg     rms          rms(c)
DAV:   1    -0.100783456656E+02   -0.10078E+02   -0.48277E+00   144   0.129E+01    0.131E+00
DAV:   2    -0.100303061078E+02    0.48040E-01   -0.10546E-01   104   0.256E+00    0.746E-01
DAV:   3    -0.100052470745E+02    0.25059E-01   -0.70902E-02   112   0.146E+00    0.679E-02
DAV:   4    -0.100054030744E+02   -0.15600E-03   -0.27818E-03    96   0.429E-01
   1 F= -.10005403E+02 E0= -.99920130E+01  d E =-.100054E+02
