       N       E                     dE             d eps       ncg     rms          rms(c)
DAV:   1    -0.102880422468E+02   -0.10288E+02   -0.40444E+00  1680   0.111E+01    0.121E+00
DAV:   2    -0.102463826526E+02    0.41660E-01   -0.80078E-02  1560   0.219E+00    0.682E-01
DAV:   3    -0.102255807041E+02    0.20802E-01   -0.56530E-02  1616   0.133E+00    0.594E-02
DAV:   4    -0.102257278890E+02   -0.14718E-03   -0.22242E-03  1352   0.385E-01
   1 F= -.10225728E+02 E0= -.10220001E+02  d E =-.102257E+02
