       N       E                     dE             d eps       ncg     rms          rms(c)
DAV:   1    -0.102548013192E+02   -0.10255E+02   -0.14935E+00  3704   0.703E+00    0.759E-01
DAV:   2    -0.102382435825E+02    0.16558E-01   -0.31774E-02  3288   0.138E+00    0.425E-01
DAV:   3    -0.102301514172E+02    0.80922E-02   -0.22008E-02  3576   0.825E-01    0.362E-02
DAV:   4    -0.102302113110E+02   -0.59894E-04   -0.84668E-04  2624   0.238E-01
   1 F= -.10230211E+02 E0= -.10223212E+02  d E =-.102302E+02
