       N       E                     dE             d eps       ncg     rms          rms(c)
DAV:   1    -0.102213209721E+02   -0.10221E+02   -0.15382E+00  3672   0.710E+00    0.771E-01
DAV:   2    -0.102041763862E+02    0.17145E-01   -0.31537E-02  3216   0.135E+00    0.432E-01
DAV:   3    -0.101958467487E+02    0.83296E-02   -0.22493E-02  3552   0.833E-01    0.360E-02
DAV:   4    -0.101959048740E+02   -0.58125E-04   -0.80927E-04  2512   0.228E-01
   1 F= -.10195905E+02 E0= -.10188982E+02  d E =-.101959E+02
