       N       E                     dE             d eps       ncg     rms          rms(c)
DAV:   1    -0.102650436867E+02   -0.10265E+02   -0.49297E+00  1280   0.127E+01    0.136E+00
DAV:   2    -0.102132642155E+02    0.51779E-01   -0.10365E-01  1128   0.250E+00    0.763E-01
DAV:   3    -0.101873913880E+02    0.25873E-01   -0.71487E-02  1256   0.148E+00    0.691E-02
DAV:   4    -0.101875645281E+02   -0.17314E-03   -0.27694E-03  1000   0.429E-01
   1 F= -.10187565E+02 E0= -.10176611E+02  d E =-.101876E+02
