       N       E                     dE             d eps       ncg     rms          rms(c)
DAV:   1    -0.102455471070E+02   -0.10246E+02   -0.20071E+00   904   0.807E+00    0.875E-01
DAV:   2    -0.102235653125E+02    0.21982E-01   -0.40540E-02   776   0.152E+00    0.489E-01
DAV:   3    -0.102128879461E+02    0.10677E-01   -0.29192E-02   792   0.939E-01    0.406E-02
DAV:   4    -0.102129691973E+02   -0.81251E-04   -0.10915E-03   704   0.261E-01
   1 F= -.10212969E+02 E0= -.10204920E+02  d E =-.102130E+02
