       N       E                     dE             d eps       ncg     rms          rms(c)
DAV:   1    -0.120855218208E+02   -0.12086E+02   -0.55292E+00    56   0.137E+01    0.146E+00
DAV:   2    -0.120192981299E+02    0.66224E-01   -0.88651E-02    56   0.219E+00    0.832E-01
DAV:   3    -0.119862956220E+02    0.33003E-01   -0.85963E-02    56   0.158E+00    0.680E-02
DAV:   4    -0.119863961870E+02   -0.10057E-03   -0.21065E-03    48   0.369E-01
   1 F= -.11986396E+02 E0= -.11958187E+02  d E =-.119864E+02
